_viz_config[PFC].pos=(0.2142857142857143, 0.1282051282051282)
_viz_config[PFC].size=(0.04201680672268907, 0.06410256410256411)
_viz_0 = nengo_gui.components.HTMLView(input_env)
_viz_config[_viz_0].x = 0.472110839605727
_viz_config[_viz_0].y = 0.865547305164933
_viz_config[_viz_0].width = 0.15792363885048388
_viz_config[_viz_0].height = 0.17625842664272273
_viz_config[_viz_0].label_visible = True
_viz_1 = nengo_gui.components.Slider(low_stim)
_viz_config[_viz_1].max_value = 1
_viz_config[_viz_1].min_value = -1
_viz_config[_viz_1].x = 0.6725527578644376
_viz_config[_viz_1].y = 0.8675391068555787
_viz_config[_viz_1].width = 0.07896181942524194
_viz_config[_viz_1].height = 0.17625842664272273
_viz_config[_viz_1].label_visible = True
_viz_net_graph = nengo_gui.components.NetGraph()
_viz_progress = nengo_gui.components.Progress()
_viz_config[_viz_progress].x = 0
_viz_config[_viz_progress].y = 0
_viz_config[_viz_progress].width = 100
_viz_config[_viz_progress].height = 100
_viz_config[_viz_progress].label_visible = True
_viz_sim_control = nengo_gui.components.SimControl()
_viz_config[_viz_sim_control].shown_time = 0.5
_viz_config[_viz_sim_control].kept_time = 4.0
_viz_config[basal].pos=(0.3823529411764705, 0.1282051282051282)
_viz_config[basal].size=(0.04201680672268907, 0.06410256410256411)
_viz_config[central].pos=(0.592436974789916, 0.32051282051282054)
_viz_config[central].size=(0.08403361344537814, 0.25641025641025644)
_viz_config[central].expanded=False
_viz_config[central].has_layout=False
_viz_config[central.thresholding].expanded=False
_viz_config[central.thresholding].has_layout=False
_viz_config[emotional_state].pos=(0.0546218487394958, 0.1282051282051282)
_viz_config[emotional_state].size=(0.03361344537815126, 0.05128205128205128)
_viz_config[input_env].pos=(0.2142857142857143, 0.8846153846153846)
_viz_config[input_env].size=(0.03361344537815126, 0.05128205128205128)
_viz_config[lateral].pos=(0.2142857142857143, 0.5128205128205128)
_viz_config[lateral].size=(0.04201680672268907, 0.06410256410256411)
_viz_config[low_stim].pos=(0.0546218487394958, 0.6987179487179487)
_viz_config[low_stim].size=(0.03361344537815126, 0.05128205128205128)
_viz_config[model].pos=(0.0851773095667282, 0.0966358086134228)
_viz_config[model].size=(0.878248856286942, 0.878248856286942)
_viz_config[model].expanded=True
_viz_config[model].has_layout=True
_viz_config[movement].pos=(0.7941176470588236, 0.5)
_viz_config[movement].size=(0.03361344537815126, 0.05128205128205128)
_viz_config[output_env].pos=(0.9453781512605042, 0.14102564102564102)
_viz_config[output_env].size=(0.03361344537815126, 0.05128205128205128)
_viz_config[physio_response].pos=(0.7941176470588236, 0.14102564102564102)
_viz_config[physio_response].size=(0.03361344537815126, 0.05128205128205128)